epoch  train_CROSS_ENTROPY  test_CROSS_ENTROPY  train_r2  test_r2  train_acc  test_acc  train_auprc  test_auprc  train_auroc  test_auroc

0  0.74099  0.74980  -0.01142  -0.02143  0.47426  0.45800  0.48881  0.45895  0.50837  0.48773
1  0.71970  0.72619  0.00483  0.01340  0.52524  0.54200  0.64645  0.63181  0.67520  0.67547
2  0.72135  0.73524  0.13455  0.08553  0.64218  0.59000  0.79359  0.76111  0.80697  0.77459
3  0.65320  0.66535  0.36834  0.32575  0.77211  0.76000  0.84357  0.81380  0.85839  0.82739
4  0.64685  0.65795  0.39785  0.35889  0.77761  0.75800  0.85412  0.83452  0.86386  0.84304
5  0.64682  0.66432  0.42741  0.36580  0.80010  0.76600  0.87228  0.86032  0.87666  0.85224
6  0.64003  0.65462  0.45726  0.40061  0.80360  0.75800  0.88073  0.86435  0.88906  0.86639
7  0.65599  0.67805  0.42630  0.31861  0.78361  0.73200  0.90375  0.87104  0.90986  0.86842
8  0.63169  0.64947  0.51280  0.41868  0.82759  0.79200  0.90829  0.88060  0.91106  0.87436
9  0.61457  0.62094  0.43161  0.42135  0.79860  0.80000  0.90326  0.89009  0.90653  0.88474
10  0.61414  0.62822  0.47470  0.40318  0.81559  0.80200  0.90744  0.87579  0.90703  0.86804
11  0.63122  0.64148  0.45803  0.42728  0.79460  0.79000  0.88619  0.87464  0.89105  0.87328
12  0.61889  0.63220  0.49340  0.45238  0.81859  0.82000  0.89839  0.88644  0.90435  0.88485
13  0.60562  0.62712  0.60975  0.47960  0.86857  0.81800  0.93898  0.90207  0.93922  0.89537
14  0.60567  0.62145  0.58362  0.48818  0.85507  0.82800  0.92673  0.89793  0.93252  0.89508
15  0.60750  0.63094  0.59690  0.46027  0.86357  0.80400  0.93448  0.89269  0.93644  0.89210
16  0.60586  0.62646  0.57471  0.44929  0.84058  0.81000  0.93037  0.88370  0.93246  0.88625
17  0.60506  0.63065  0.61341  0.47485  0.86457  0.81400  0.94621  0.90857  0.94712  0.90678
18  0.59122  0.60592  0.61901  0.52376  0.87256  0.84200  0.94127  0.91491  0.94367  0.90931
19  0.60583  0.63200  0.63114  0.48763  0.88006  0.81800  0.94965  0.90577  0.95076  0.90820
20  0.58934  0.61142  0.66687  0.54176  0.89155  0.85600  0.95244  0.91289  0.95440  0.91313
21  0.59946  0.62267  0.60900  0.47950  0.86407  0.84000  0.94112  0.89126  0.94477  0.89193
22  0.58867  0.61163  0.67626  0.55601  0.88506  0.84600  0.95760  0.92133  0.95796  0.91469
23  0.58396  0.60311  0.68148  0.58394  0.88506  0.86200  0.96136  0.92748  0.96182  0.92241
24  0.58260  0.60256  0.69416  0.58819  0.89755  0.85400  0.96454  0.92511  0.96397  0.91972
25  0.59464  0.62498  0.63499  0.46850  0.87806  0.80600  0.95085  0.91289  0.95356  0.91126
26  0.57695  0.59806  0.72293  0.59483  0.90405  0.87200  0.96821  0.93392  0.96859  0.92441
27  0.57199  0.59633  0.73317  0.58894  0.91054  0.87600  0.97019  0.92551  0.97053  0.92768
28  0.57307  0.59464  0.72713  0.58917  0.90655  0.87000  0.97156  0.93095  0.97140  0.92157
29  0.57452  0.59237  0.73000  0.62856  0.90905  0.88600  0.97637  0.94390  0.97687  0.93643
30  0.56836  0.59520  0.74616  0.57819  0.91504  0.86400  0.97242  0.93480  0.97334  0.93097
31  0.57148  0.59739  0.75242  0.57176  0.91604  0.86400  0.97389  0.91880  0.97478  0.91887
32  0.56477  0.58667  0.76235  0.61097  0.91904  0.87800  0.97823  0.94090  0.97826  0.93239
33  0.56339  0.58373  0.78771  0.66383  0.92754  0.89600  0.98075  0.94331  0.98111  0.94313
34  0.56463  0.59074  0.78397  0.60827  0.92504  0.87800  0.98005  0.93775  0.98041  0.93287
35  0.55868  0.57898  0.77483  0.63926  0.92004  0.88000  0.98260  0.94600  0.98292  0.93948
36  0.57424  0.60755  0.73682  0.51774  0.90755  0.83600  0.97258  0.91661  0.97364  0.92082
37  0.56241  0.58608  0.74205  0.57181  0.90805  0.86400  0.97497  0.93095  0.97570  0.92691
38  0.56067  0.58605  0.79232  0.63498  0.92804  0.88000  0.98218  0.94688  0.98140  0.94127
39  0.55816  0.58520  0.80119  0.61395  0.93203  0.87400  0.98507  0.93712  0.98524  0.93116
40  0.55169  0.57621  0.84544  0.66499  0.94853  0.89600  0.99000  0.95133  0.98946  0.94626
41  0.55384  0.58215  0.83845  0.65160  0.94853  0.89200  0.98886  0.94685  0.98861  0.94392
42  0.54993  0.57842  0.84177  0.64752  0.94953  0.89400  0.99012  0.94370  0.98994  0.94104
43  0.54692  0.57721  0.85351  0.65155  0.95102  0.89200  0.99099  0.94406  0.99077  0.94400
44  0.54500  0.57546  0.86064  0.63684  0.95052  0.89600  0.99161  0.94805  0.99153  0.94281
45  0.54819  0.57836  0.85823  0.64491  0.95002  0.89200  0.99118  0.94213  0.99129  0.94117
46  0.55054  0.58025  0.85098  0.63409  0.94803  0.89000  0.99005  0.94256  0.99045  0.93714
47  0.54909  0.58071  0.85047  0.61811  0.95002  0.87800  0.99057  0.93965  0.99072  0.93509
48  0.54601  0.58046  0.86331  0.62107  0.95252  0.88400  0.99206  0.94599  0.99210  0.93659
49  0.54600  0.57427  0.86903  0.67767  0.95602  0.89800  0.99274  0.94995  0.99264  0.94707
50  0.54446  0.57590  0.86645  0.62469  0.95552  0.88800  0.99260  0.94464  0.99247  0.93671
51  0.54470  0.58458  0.87792  0.60401  0.96052  0.87800  0.99365  0.93426  0.99352  0.92749
52  0.53967  0.57481  0.88430  0.63005  0.95902  0.88600  0.99478  0.94524  0.99478  0.94247
53  0.54204  0.57417  0.88254  0.63736  0.96002  0.89600  0.99428  0.94788  0.99438  0.94365
54  0.54444  0.57704  0.88831  0.66007  0.96002  0.89400  0.99504  0.95341  0.99478  0.94628
55  0.53835  0.58097  0.88740  0.58229  0.95902  0.87200  0.99472  0.93833  0.99458  0.93472
56  0.53676  0.56953  0.89169  0.64298  0.96702  0.89800  0.99496  0.94961  0.99484  0.94368
57  0.54023  0.57613  0.87077  0.60668  0.95402  0.87400  0.99437  0.93991  0.99459  0.93598
58  0.53792  0.57528  0.89291  0.62510  0.96352  0.87800  0.99504  0.94942  0.99520  0.94202
59  0.53914  0.58212  0.88642  0.59474  0.95952  0.87400  0.99334  0.93958  0.99343  0.93569
60  0.53541  0.57857  0.90975  0.60864  0.97001  0.88000  0.99655  0.94017  0.99654  0.93735
61  0.53420  0.56739  0.89838  0.64425  0.96652  0.89400  0.99558  0.95201  0.99545  0.94351
62  0.53738  0.58289  0.90905  0.59950  0.96802  0.87000  0.99625  0.94121  0.99617  0.93487
63  0.53405  0.57414  0.92019  0.62331  0.97301  0.88400  0.99709  0.94422  0.99708  0.93962
64  0.53551  0.57542  0.91860  0.62866  0.97351  0.88600  0.99741  0.94184  0.99745  0.93403
65  0.53212  0.57341  0.92332  0.62361  0.97351  0.89200  0.99705  0.94191  0.99709  0.93972
66  0.53433  0.57093  0.91957  0.65156  0.97301  0.89400  0.99727  0.94827  0.99733  0.94470
67  0.53228  0.57779  0.92878  0.61269  0.97401  0.88200  0.99768  0.93936  0.99771  0.93764
68  0.53126  0.56599  0.90799  0.64594  0.96952  0.90000  0.99698  0.94558  0.99700  0.94040
69  0.53168  0.57026  0.93389  0.65348  0.97701  0.90000  0.99821  0.94953  0.99823  0.94098
70  0.53301  0.57467  0.92778  0.63569  0.97451  0.89000  0.99756  0.94126  0.99752  0.93753
71  0.53095  0.57290  0.92096  0.61167  0.97251  0.88800  0.99726  0.94164  0.99720  0.93953
72  0.53226  0.57501  0.93397  0.63223  0.97851  0.89000  0.99805  0.93752  0.99812  0.93624
73  0.52782  0.57314  0.93859  0.60538  0.97951  0.88200  0.99814  0.94333  0.99818  0.93720
74  0.53148  0.56709  0.93323  0.66381  0.97801  0.90800  0.99761  0.94837  0.99749  0.94525
75  0.52686  0.57137  0.94692  0.61964  0.98101  0.89600  0.99864  0.94216  0.99865  0.94017
76  0.52983  0.57464  0.94624  0.63748  0.98501  0.89600  0.99845  0.93751  0.99831  0.93451
77  0.52832  0.57154  0.93905  0.62193  0.97951  0.89400  0.99843  0.93996  0.99849  0.93956
78  0.52815  0.57118  0.93303  0.62613  0.97801  0.89400  0.99826  0.94470  0.99832  0.93754
79  0.52996  0.57525  0.93248  0.61951  0.97751  0.88000  0.99804  0.94018  0.99814  0.93856
80  0.52883  0.57056  0.94008  0.65645  0.97901  0.89600  0.99821  0.94728  0.99823  0.94666
81  0.53030  0.57673  0.93686  0.62011  0.97801  0.89000  0.99825  0.93778  0.99829  0.93860
82  0.53182  0.57939  0.93446  0.59803  0.97951  0.88000  0.99807  0.93998  0.99809  0.93405
83  0.52547  0.56887  0.95187  0.64232  0.98401  0.89800  0.99913  0.94638  0.99917  0.93991
84  0.52919  0.57171  0.93984  0.64123  0.97851  0.89400  0.99841  0.95073  0.99847  0.94447
85  0.53208  0.58095  0.93334  0.58227  0.97901  0.87800  0.99839  0.94169  0.99841  0.93962
86  0.52709  0.57081  0.94715  0.61970  0.98351  0.88200  0.99861  0.94920  0.99865  0.94423
87  0.52436  0.56977  0.95712  0.63282  0.98551  0.89000  0.99918  0.95240  0.99922  0.94769
88  0.52634  0.56679  0.94105  0.64020  0.98151  0.89400  0.99839  0.95193  0.99850  0.94713
89  0.52441  0.57285  0.95307  0.59611  0.98401  0.88400  0.99895  0.94134  0.99895  0.93890
90  0.52525  0.57626  0.95769  0.58338  0.98701  0.88400  0.99913  0.94278  0.99918  0.93912
91  0.52378  0.57082  0.95386  0.60916  0.98401  0.89200  0.99890  0.94735  0.99891  0.94544
92  0.52627  0.57134  0.94930  0.62052  0.98151  0.88800  0.99886  0.95051  0.99892  0.94539
93  0.52339  0.57006  0.95970  0.62464  0.98701  0.89200  0.99913  0.94874  0.99916  0.94394
94  0.52460  0.56964  0.95474  0.63395  0.98351  0.89200  0.99883  0.94883  0.99889  0.94426
95  0.52291  0.56791  0.95323  0.61377  0.98451  0.88800  0.99929  0.94958  0.99933  0.94462
96  0.52506  0.57042  0.95079  0.62159  0.98351  0.89400  0.99887  0.94916  0.99893  0.94589
97  0.52877  0.57537  0.94794  0.62213  0.98251  0.88800  0.99867  0.94832  0.99869  0.94470
98  0.52814  0.57094  0.93195  0.61651  0.97801  0.89200  0.99744  0.94569  0.99744  0.93582
99  0.52820  0.57212  0.94452  0.63693  0.98251  0.89400  0.99845  0.94528  0.99847  0.94102
