epoch  train_CROSS_ENTROPY  test_CROSS_ENTROPY  train_r2  test_r2  train_acc  test_acc  train_auprc  test_auprc  train_auroc  test_auroc

0  0.76163  0.76410  -0.12563  -0.13204  0.47176  0.46800  0.40598  0.40344  0.40147  0.39017
1  0.71864  0.72189  0.07015  0.05715  0.61219  0.59200  0.72720  0.66183  0.74558  0.70603
2  0.69674  0.70436  0.22783  0.18386  0.73013  0.70000  0.80539  0.74738  0.79832  0.75691
3  0.71819  0.72440  -0.01306  -0.05723  0.62219  0.62400  0.81341  0.77863  0.79839  0.77495
4  0.64940  0.65384  0.17956  0.15644  0.68216  0.67200  0.82894  0.81165  0.83277  0.82839
5  0.64608  0.65405  0.25383  0.21361  0.71114  0.70400  0.85639  0.82532  0.86537  0.84297
6  0.63040  0.64271  0.45128  0.38930  0.80360  0.78800  0.88221  0.84822  0.88797  0.85856
7  0.63767  0.64451  0.43589  0.39570  0.80210  0.80600  0.89102  0.86278  0.89189  0.86885
8  0.61787  0.62667  0.45871  0.40838  0.80310  0.80200  0.89951  0.87092  0.90299  0.87308
9  0.62704  0.64305  0.50442  0.40668  0.81359  0.77800  0.90799  0.86169  0.91023  0.86789
10  0.61547  0.63179  0.51966  0.40881  0.82459  0.79800  0.91310  0.86221  0.91190  0.86902
11  0.60942  0.62469  0.49362  0.39023  0.81809  0.79800  0.91751  0.86517  0.91732  0.86495
12  0.64692  0.66590  0.41731  0.28457  0.78361  0.73800  0.91941  0.86538  0.92099  0.87154
13  0.60499  0.61710  0.52961  0.44041  0.83708  0.81400  0.92637  0.88395  0.92619  0.88889
14  0.60470  0.62462  0.63718  0.50155  0.88106  0.81800  0.95016  0.90138  0.95089  0.90386
15  0.59073  0.61175  0.62707  0.47038  0.87106  0.82600  0.94628  0.89347  0.94777  0.89993
16  0.60480  0.62487  0.55255  0.40382  0.84208  0.80400  0.92728  0.87700  0.92691  0.88449
17  0.60352  0.62550  0.63546  0.48268  0.87156  0.80200  0.95039  0.90292  0.95052  0.90245
18  0.60543  0.62724  0.62996  0.47189  0.87356  0.82400  0.94928  0.89223  0.94789  0.89184
19  0.58150  0.60466  0.68353  0.51248  0.89555  0.83400  0.96091  0.90059  0.96198  0.91226
20  0.58301  0.60189  0.63601  0.49355  0.87806  0.83600  0.95266  0.90367  0.95318  0.91149
21  0.58076  0.60486  0.68981  0.50411  0.89155  0.83800  0.96405  0.90311  0.96416  0.90868
22  0.58177  0.60252  0.71153  0.55717  0.90805  0.86200  0.96544  0.91541  0.96511  0.92134
23  0.58653  0.60625  0.62920  0.49085  0.86907  0.83000  0.94815  0.90146  0.94777  0.90389
24  0.58066  0.60743  0.73411  0.53822  0.90805  0.83600  0.97152  0.91441  0.97134  0.91818
25  0.57392  0.59967  0.72285  0.53142  0.90355  0.85000  0.96831  0.91269  0.96839  0.91699
26  0.56726  0.59792  0.76391  0.54910  0.92054  0.85400  0.97673  0.91909  0.97696  0.92357
27  0.57192  0.60362  0.73350  0.51145  0.90805  0.84600  0.97011  0.91989  0.97041  0.92084
28  0.58020  0.60445  0.73820  0.56542  0.90955  0.85800  0.97249  0.92478  0.97277  0.92287
29  0.57887  0.61088  0.73498  0.49785  0.91304  0.81400  0.97185  0.90800  0.97232  0.91254
30  0.56586  0.59453  0.76700  0.55826  0.92604  0.86000  0.97456  0.92257  0.97654  0.92671
31  0.56144  0.59210  0.74575  0.51913  0.91404  0.84000  0.97761  0.92493  0.97783  0.92696
32  0.56794  0.60265  0.73478  0.48428  0.90605  0.83200  0.97232  0.90940  0.97179  0.91696
33  0.56750  0.59836  0.79400  0.57648  0.93353  0.86000  0.98258  0.92672  0.98273  0.93127
34  0.55765  0.59391  0.80597  0.55302  0.93303  0.85600  0.98487  0.92201  0.98501  0.92555
35  0.56387  0.59675  0.80369  0.56733  0.93253  0.85400  0.98446  0.92632  0.98456  0.92714
36  0.56664  0.60496  0.80412  0.53494  0.93253  0.85200  0.98599  0.91813  0.98633  0.92366
37  0.55438  0.59111  0.79695  0.53848  0.93553  0.86000  0.98247  0.91804  0.98118  0.92059
38  0.55438  0.59025  0.82668  0.57103  0.94003  0.85600  0.98791  0.91727  0.98794  0.92525
39  0.55679  0.58744  0.81042  0.57981  0.93803  0.87200  0.98558  0.92805  0.98590  0.92839
40  0.55708  0.58906  0.78578  0.53962  0.93153  0.85400  0.98302  0.91998  0.98246  0.92144
41  0.55237  0.58795  0.83356  0.58187  0.94103  0.87000  0.98812  0.92880  0.98848  0.93180
42  0.55367  0.58872  0.79918  0.53648  0.93153  0.85600  0.98497  0.91981  0.98459  0.92235
43  0.55850  0.59232  0.79338  0.54195  0.93053  0.86000  0.98193  0.91542  0.98218  0.92502
44  0.55059  0.58958  0.85842  0.57867  0.95052  0.85800  0.99187  0.93042  0.99209  0.93357
45  0.54805  0.58152  0.83176  0.59016  0.94253  0.87200  0.99002  0.93111  0.99023  0.93212
46  0.54545  0.58373  0.86179  0.58813  0.95452  0.87000  0.99151  0.92984  0.99204  0.93543
47  0.54682  0.58167  0.85252  0.61317  0.95302  0.87000  0.99078  0.93794  0.99060  0.93755
48  0.54865  0.59110  0.87609  0.58738  0.95952  0.87400  0.99387  0.92557  0.99388  0.93346
49  0.55093  0.59230  0.85118  0.56497  0.95202  0.85600  0.99001  0.92369  0.98946  0.92915
50  0.54094  0.58371  0.88538  0.57703  0.96302  0.86400  0.99409  0.92738  0.99423  0.93405
51  0.54054  0.57960  0.89225  0.61614  0.96602  0.87800  0.99507  0.93584  0.99517  0.93791
52  0.54109  0.58375  0.88334  0.57430  0.95852  0.86600  0.99395  0.93368  0.99428  0.93675
53  0.54276  0.58097  0.87937  0.60862  0.96002  0.88200  0.99307  0.93347  0.99311  0.93920
54  0.53843  0.57986  0.86638  0.56893  0.95352  0.87200  0.99482  0.92772  0.99507  0.93301
55  0.54185  0.58987  0.87906  0.53477  0.95702  0.85800  0.99360  0.91869  0.99379  0.92750
56  0.54159  0.58782  0.89005  0.56032  0.96352  0.85200  0.99464  0.93040  0.99472  0.93474
57  0.53914  0.58108  0.88982  0.58975  0.96302  0.87000  0.99498  0.93421  0.99498  0.93895
58  0.54612  0.58989  0.86841  0.56880  0.95702  0.86200  0.99194  0.92610  0.99196  0.93305
59  0.53969  0.58536  0.90169  0.58766  0.96702  0.86400  0.99587  0.93383  0.99607  0.94109
60  0.53557  0.57879  0.90558  0.60135  0.96652  0.87200  0.99696  0.93518  0.99702  0.93861
61  0.53529  0.58188  0.89872  0.55790  0.96452  0.86400  0.99662  0.93156  0.99691  0.93031
62  0.53789  0.59334  0.89521  0.51955  0.96302  0.84200  0.99514  0.91317  0.99556  0.92880
63  0.53524  0.58370  0.91478  0.57923  0.97151  0.86400  0.99705  0.93696  0.99720  0.93712
64  0.53677  0.58172  0.91454  0.58832  0.97251  0.87600  0.99675  0.93686  0.99686  0.93829
65  0.53533  0.57889  0.89789  0.59289  0.96502  0.86800  0.99652  0.93593  0.99667  0.93818
66  0.53783  0.58930  0.90394  0.56095  0.96602  0.87200  0.99639  0.92400  0.99649  0.93230
67  0.53118  0.57953  0.90680  0.57135  0.96902  0.87600  0.99769  0.93239  0.99786  0.93730
68  0.53248  0.57721  0.90630  0.56849  0.97101  0.86400  0.99722  0.93212  0.99723  0.93816
69  0.53734  0.58211  0.88092  0.56090  0.95752  0.86400  0.99404  0.92693  0.99410  0.93142
70  0.53416  0.58798  0.92496  0.54748  0.97351  0.85600  0.99745  0.92806  0.99758  0.93336
71  0.53276  0.57284  0.90005  0.60253  0.96402  0.88600  0.99740  0.93360  0.99750  0.93341
72  0.53099  0.58210  0.92584  0.56974  0.97551  0.87000  0.99754  0.92879  0.99757  0.93932
73  0.53217  0.58666  0.93194  0.54692  0.97801  0.86200  0.99784  0.93435  0.99792  0.93819
74  0.52927  0.58272  0.92733  0.54611  0.97451  0.84400  0.99828  0.93945  0.99839  0.94118
75  0.53109  0.58151  0.92140  0.56857  0.97401  0.86200  0.99781  0.94533  0.99790  0.94009
76  0.52952  0.58274  0.92922  0.54992  0.97451  0.86600  0.99787  0.94059  0.99795  0.94170
77  0.52994  0.57972  0.93285  0.56073  0.97901  0.87200  0.99768  0.93220  0.99777  0.93564
78  0.52786  0.58175  0.94324  0.57956  0.98251  0.86800  0.99838  0.93670  0.99846  0.94091
79  0.52954  0.57959  0.93780  0.57335  0.98101  0.86200  0.99800  0.94013  0.99808  0.93760
80  0.53302  0.58942  0.93655  0.55608  0.97701  0.86800  0.99840  0.93857  0.99850  0.94022
81  0.52712  0.57630  0.93641  0.58043  0.97951  0.87400  0.99869  0.94137  0.99874  0.94142
82  0.52801  0.57764  0.93860  0.59976  0.98201  0.87600  0.99784  0.93979  0.99797  0.94237
83  0.52713  0.58065  0.94001  0.57055  0.97951  0.86400  0.99856  0.94079  0.99857  0.94065
84  0.52866  0.58336  0.94150  0.54526  0.98001  0.85600  0.99840  0.93873  0.99848  0.94205
85  0.52829  0.58400  0.94358  0.56319  0.98151  0.86800  0.99859  0.93352  0.99862  0.93475
86  0.52608  0.58476  0.95869  0.54952  0.98551  0.87200  0.99925  0.93713  0.99931  0.93484
87  0.52538  0.57800  0.95883  0.59930  0.98701  0.87800  0.99911  0.93966  0.99915  0.94320
88  0.52762  0.57611  0.93134  0.57405  0.97501  0.87800  0.99887  0.93251  0.99897  0.93619
89  0.52734  0.58527  0.95520  0.55416  0.98601  0.86600  0.99906  0.93893  0.99913  0.93934
90  0.52555  0.59023  0.95912  0.50492  0.98751  0.85200  0.99914  0.93004  0.99916  0.93325
91  0.52837  0.57914  0.93223  0.55439  0.97901  0.87600  0.99798  0.92135  0.99813  0.92823
92  0.52735  0.58286  0.94276  0.53867  0.97801  0.85600  0.99832  0.93214  0.99844  0.93456
